Energy (MeV/u)1	0 - [He-base] F.Hubert et al, AD&ND Tables 46(1990)1	Energy (MeV/u)2	1 - [H -base] J.F.Ziegler et al, Pergamon Press, NY (low energy)	Energy (MeV/u)3	2 - ATIMA 1.2  LS-theory (recommended for high energy)	Energy (MeV/u)4	3 - ATIMA 1.2  without LS-correction	Energy (MeV/u)5	4 - electrical component of [1] - J.F.Ziegler et al	Energy (MeV/u)6	5 - nuclear component of [1] - J.F.Ziegler et al	
0.001000	0.0198835 	0.001000	0.0167737 	0.001000	0.021694  	0.001000	0.021694  	0.001000	0.0134298 	0.001000	0.00334388	
0.002000	0.0241703 	0.002000	0.020106  	0.002000	0.0257507 	0.002000	0.0257507 	0.002000	0.0177393 	0.002000	0.00236663	
0.005000	0.0321167 	0.005000	0.0270406 	0.005000	0.0338208 	0.005000	0.0338208 	0.005000	0.0256752 	0.005000	0.00136542	
0.008000	0.0374726 	0.008000	0.0320611 	0.008000	0.0395211 	0.008000	0.0395211 	0.008000	0.0310621 	0.008000	0.000999023	
0.010000	0.0403699 	0.010000	0.034864  	0.010000	0.0426744 	0.010000	0.0426744 	0.010000	0.0340083 	0.010000	0.000855666	
0.015000	0.0487402 	0.015000	0.0419394 	0.015000	0.049247  	0.015000	0.049247  	0.015000	0.0412997 	0.015000	0.00063972	
0.020000	0.0555885 	0.020000	0.0478606 	0.020000	0.0546504 	0.020000	0.0546504 	0.020000	0.0473435 	0.020000	0.000517045	
0.025000	0.0612489 	0.025000	0.0529481 	0.025000	0.0593147 	0.025000	0.0593147 	0.025000	0.0525135 	0.025000	0.0004346 	
0.030000	0.065898  	0.030000	0.0573784 	0.030000	0.0625581 	0.030000	0.0625581 	0.030000	0.0570004 	0.030000	0.000377979	
0.035000	0.0696513 	0.035000	0.0612531 	0.035000	0.0652979 	0.035000	0.0652979 	0.035000	0.0609177 	0.035000	0.000335441	
0.040000	0.0725995 	0.040000	0.0646427 	0.040000	0.0676239 	0.040000	0.0676239 	0.040000	0.0643405 	0.040000	0.000302197	
0.045000	0.074824  	0.045000	0.0675985 	0.045000	0.0696001 	0.045000	0.0696001 	0.045000	0.0673231 	0.045000	0.00027543	
0.050000	0.0764027 	0.050000	0.0701611 	0.050000	0.071275  	0.050000	0.071275  	0.050000	0.0699078 	0.050000	0.000253369	
0.055000	0.0774127 	0.055000	0.0723645 	0.055000	0.0726872 	0.055000	0.0726872 	0.055000	0.0721297 	0.055000	0.000234844	
0.060000	0.0779293 	0.060000	0.0742384 	0.060000	0.0738679 	0.060000	0.0738679 	0.060000	0.0740193 	0.060000	0.000219047	
0.070000	0.077771  	0.070000	0.077104  	0.070000	0.0756366 	0.070000	0.0756366 	0.070000	0.0769105 	0.070000	0.000193485	
0.080000	0.0764581 	0.080000	0.0789551 	0.080000	0.0767513 	0.080000	0.0767513 	0.080000	0.0787815 	0.080000	0.000173642	
0.090000	0.0744271 	0.090000	0.0799696 	0.090000	0.0773427 	0.090000	0.0773427 	0.090000	0.0798119 	0.090000	0.000157753	
0.100000	0.0720087 	0.100000	0.080308  	0.100000	0.0775151 	0.100000	0.0775151 	0.100000	0.0801633 	0.100000	0.000144719	
0.120000	0.0668606 	0.120000	0.0795062 	0.120000	0.0769234 	0.120000	0.0769234 	0.120000	0.0793817 	0.120000	0.000124553	
0.140000	0.0620322 	0.140000	0.0774575 	0.140000	0.0754807 	0.140000	0.0754807 	0.140000	0.0773479 	0.140000	0.000109624	
0.160000	0.0578404 	0.160000	0.0747799 	0.160000	0.0735257 	0.160000	0.0735257 	0.160000	0.0746818 	0.160000	9.80926e-05	
0.180000	0.0542987 	0.180000	0.0718598 	0.180000	0.0712854 	0.180000	0.0712854 	0.180000	0.0717709 	0.180000	8.8896e-05	
0.200000	0.0513187 	0.200000	0.0689216 	0.200000	0.0689109 	0.200000	0.0689109 	0.200000	0.0688402 	0.200000	8.13771e-05	
0.250000	0.0456593 	0.250000	0.0621402 	0.250000	0.062955  	0.250000	0.062955  	0.250000	0.0620728 	0.250000	6.7424e-05	
0.300000	0.0416239 	0.300000	0.0564771 	0.300000	0.057481  	0.300000	0.057481  	0.300000	0.0564194 	0.300000	5.77679e-05	
0.350000	0.0385252 	0.350000	0.0518365 	0.350000	0.0526949 	0.350000	0.0526949 	0.350000	0.0517859 	0.350000	5.06613e-05	
0.400000	0.0360125 	0.400000	0.0480042 	0.400000	0.0485863 	0.400000	0.0485863 	0.400000	0.047959  	0.400000	4.51972e-05	
0.450000	0.0338977 	0.450000	0.0447914 	0.450000	0.0450749 	0.450000	0.0450749 	0.450000	0.0447506 	0.450000	4.08563e-05	
0.500000	0.0320724 	0.500000	0.0420551 	0.500000	0.0420668 	0.500000	0.0420668 	0.500000	0.0420178 	0.500000	3.73189e-05	
0.600000	0.0290423 	0.600000	0.0376215 	0.600000	0.0372257 	0.600000	0.0372257 	0.600000	0.0375896 	0.600000	3.18897e-05	
0.700000	0.0266    	0.700000	0.0341567 	0.700000	0.0335236 	0.700000	0.0335236 	0.700000	0.0341288 	0.700000	2.7907e-05	
0.800000	0.0245742 	0.800000	0.0313533 	0.800000	0.0306042 	0.800000	0.0306042 	0.800000	0.0313284 	0.800000	2.48529e-05	
0.900000	0.0228602 	0.900000	0.0290259 	0.900000	0.0282377 	0.900000	0.0282377 	0.900000	0.0290035 	0.900000	2.2432e-05	
1.000000	0.0213877 	1.000000	0.0270554 	1.000000	0.026274  	1.000000	0.026274  	1.000000	0.0270349 	1.000000	2.04629e-05	
1.250000	0.0184691 	1.250000	0.0232164 	1.250000	0.0225407 	1.250000	0.0225407 	1.250000	0.0231996 	1.250000	1.68348e-05	
1.500000	0.0162947 	1.500000	0.020404  	1.500000	0.0198645 	1.500000	0.0198645 	1.500000	0.0203896 	1.500000	1.43453e-05	
1.750000	0.0146068 	1.750000	0.0182435 	1.750000	0.0178289 	1.750000	0.0178289 	1.750000	0.018231  	1.750000	1.25251e-05	
2.000000	0.0132556 	2.000000	0.0165263 	2.000000	0.0162162 	2.000000	0.0162162 	2.000000	0.0165152 	2.000000	1.11332e-05	
2.250000	0.0121475 	2.250000	0.0151255 	2.250000	0.0149005 	2.250000	0.0149005 	2.250000	0.0151155 	2.250000	1.00324e-05	
2.500000	0.011173  	2.500000	0.0139591 	2.500000	0.0138027 	2.500000	0.0138027 	2.500000	0.0139499 	2.500000	9.1388e-06	
3.000000	0.00975606	3.000000	0.0121235 	3.000000	0.0120675 	3.000000	0.0120675 	3.000000	0.0121157 	3.000000	7.7738e-06	
3.500000	0.00868065	3.500000	0.0107407 	3.500000	0.0107511 	3.500000	0.0107511 	3.500000	0.010734  	3.500000	6.77785e-06	
4.000000	0.00783425	4.000000	0.0096588 	4.000000	0.00971384	4.000000	0.00971384	4.000000	0.00965278	4.000000	6.01747e-06	
4.500000	0.00714933	4.500000	0.00878743	4.500000	0.00887308	4.500000	0.00887308	4.500000	0.00878202	4.500000	5.41697e-06	
5.000000	0.00658281	5.000000	0.00806951	5.000000	0.00817634	5.000000	0.00817634	5.000000	0.00806458	5.000000	4.9301e-06	
5.500000	0.00610583	5.500000	0.00746702	5.500000	0.00758857	5.500000	0.00758857	5.500000	0.00746249	5.500000	4.52699e-06	
6.000000	0.0056983 	6.000000	0.00695368	6.000000	0.00708542	6.000000	0.00708542	6.000000	0.00694949	6.000000	4.18748e-06	
6.500000	0.00534578	6.500000	0.00651068	6.500000	0.00664938	6.500000	0.00664938	6.500000	0.00650678	6.500000	3.8974e-06	
7.000000	0.00503763	7.000000	0.00612421	7.000000	0.00626754	7.000000	0.00626754	7.000000	0.00612057	7.000000	3.64656e-06	
7.500000	0.00476579	7.500000	0.00578389	7.500000	0.00593014	7.500000	0.00593014	7.500000	0.00578046	7.500000	3.42739e-06	
8.000000	0.00452408	8.000000	0.00548175	8.000000	0.00562966	8.000000	0.00562966	8.000000	0.00547851	8.000000	3.23417e-06	
8.500000	0.00430766	8.500000	0.00521157	8.500000	0.00536021	8.500000	0.00536021	8.500000	0.00520851	8.500000	3.06248e-06	
9.000000	0.00411268	9.000000	0.00496845	9.000000	0.00511709	9.000000	0.00511709	9.000000	0.00496554	9.000000	2.90887e-06	
9.500000	0.00393604	9.500000	0.00474842	9.500000	0.00489655	9.500000	0.00489655	9.500000	0.00474565	9.500000	2.77058e-06	
10.000000	0.00377522	10.000000	0.00458993	10.000000	0.00469549	10.000000	0.00469549	10.000000	0.00458729	10.000000	2.6454e-06	
11.000000	0.00349308	11.000000	0.00425899	11.000000	0.00433846	11.000000	0.00433849	11.000000	0.00425657	11.000000	2.42745e-06	
12.000000	0.00325348	12.000000	0.00397563	12.000000	0.00403503	12.000000	0.0040351 	12.000000	0.00397339	12.000000	2.24403e-06	
13.000000	0.0030473 	13.000000	0.00373019	13.000000	0.00377397	13.000000	0.00377401	13.000000	0.0037281 	13.000000	2.08743e-06	
14.000000	0.00286789	14.000000	0.00351544	14.000000	0.00354693	14.000000	0.00354692	14.000000	0.00351349	14.000000	1.9521e-06	
15.000000	0.00271027	15.000000	0.00332591	15.000000	0.00334758	15.000000	0.00334758	15.000000	0.00332407	15.000000	1.83393e-06	
16.000000	0.00257062	16.000000	0.00315734	16.000000	0.00317123	16.000000	0.00317119	16.000000	0.00315561	16.000000	1.7298e-06	
17.000000	0.00244599	17.000000	0.00300641	17.000000	0.00301417	17.000000	0.00301402	17.000000	0.00300477	17.000000	1.63733e-06	
18.000000	0.00233404	18.000000	0.00287044	18.000000	0.00287331	18.000000	0.00287311	18.000000	0.00286888	18.000000	1.55463e-06	
19.000000	0.00223288	19.000000	0.00274728	19.000000	0.00274628	19.000000	0.00274608	19.000000	0.0027458 	19.000000	1.48021e-06	
20.000000	0.00214101	20.000000	0.00263519	20.000000	0.0026312 	20.000000	0.002631  	20.000000	0.00263377	20.000000	1.41287e-06	
21.000000	0.00205717	21.000000	0.00253271	21.000000	0.00252651	21.000000	0.00252629	21.000000	0.00253136	21.000000	1.35164e-06	
22.000000	0.00198034	22.000000	0.00243864	22.000000	0.00243085	22.000000	0.00243064	22.000000	0.00243734	22.000000	1.2957e-06	
23.000000	0.00190966	23.000000	0.00235197	23.000000	0.00234317	23.000000	0.00234295	23.000000	0.00235073	23.000000	1.24439e-06	
24.000000	0.0018444 	24.000000	0.00227186	24.000000	0.00226259	24.000000	0.0022623 	24.000000	0.00227066	24.000000	1.19716e-06	
25.000000	0.00178395	25.000000	0.00219757	25.000000	0.00218832	25.000000	0.00218789	25.000000	0.00219641	25.000000	1.15352e-06	
27.000000	0.00167548	27.000000	0.00206405	27.000000	0.00205578	27.000000	0.00205523	27.000000	0.00206298	27.000000	1.07549e-06	
29.000000	0.00158086	29.000000	0.00194741	29.000000	0.00194118	29.000000	0.00194065	29.000000	0.0019464 	29.000000	1.00773e-06	
31.000000	0.00149756	31.000000	0.00184459	31.000000	0.00184006	31.000000	0.00183952	31.000000	0.00184364	31.000000	9.48313e-07	
33.000000	0.00142362	33.000000	0.00175323	33.000000	0.00174922	33.000000	0.00174871	33.000000	0.00175234	33.000000	8.95769e-07	
35.000000	0.00135753	35.000000	0.00167151	35.000000	0.00166792	35.000000	0.00166747	35.000000	0.00167066	35.000000	8.48956e-07	
38.000000	0.00127051	38.000000	0.00156385	38.000000	0.00156105	38.000000	0.00156044	38.000000	0.00156307	38.000000	7.87564e-07	
41.000000	0.00119535	41.000000	0.00147081	41.000000	0.00146855	41.000000	0.00146792	41.000000	0.00147008	41.000000	7.3476e-07	
44.000000	0.00112973	44.000000	0.00138957	44.000000	0.00138768	44.000000	0.0013871 	44.000000	0.00138888	44.000000	6.88838e-07	
47.000000	0.00107192	47.000000	0.00131798	47.000000	0.00131642	47.000000	0.00131587	47.000000	0.00131734	47.000000	6.48521e-07	
50.000000	0.00102057	50.000000	0.00125441	50.000000	0.00125309	50.000000	0.00125258	50.000000	0.0012538 	50.000000	6.1283e-07	
55.000000	0.000946597	55.000000	0.00116288	55.000000	0.00116188	55.000000	0.00116141	55.000000	0.00116232	55.000000	5.61627e-07	
60.000000	0.000884144	60.000000	0.00108566	60.000000	0.0010849 	60.000000	0.00108443	60.000000	0.00108514	60.000000	5.18598e-07	
65.000000	0.000830663	65.000000	0.0010196 	65.000000	0.00101909	65.000000	0.00101854	65.000000	0.00101912	65.000000	4.8191e-07	
70.000000	0.000784316	70.000000	0.000962423	70.000000	0.000961968	70.000000	0.000961464	70.000000	0.000961973	70.000000	4.50242e-07	
75.000000	0.000743736	75.000000	0.00091243	75.000000	0.000912007	75.000000	0.000911531	75.000000	0.000912007	75.000000	4.22619e-07	
80.000000	0.000707889	80.000000	0.000868332	80.000000	0.000867911	80.000000	0.000867463	80.000000	0.000867934	80.000000	3.98305e-07	
85.000000	0.000675975	85.000000	0.000829136	85.000000	0.000828696	85.000000	0.000828271	85.000000	0.000828759	85.000000	3.76731e-07	
90.000000	0.000647368	90.000000	0.000794057	90.000000	0.000793589	90.000000	0.000793181	90.000000	0.0007937 	90.000000	3.57454e-07	
95.000000	0.000621567	95.000000	0.000762475	95.000000	0.000762059	95.000000	0.000761575	95.000000	0.000762135	95.000000	3.40121e-07	
100.000000	0.00059817	100.000000	0.000733885	100.000000	0.000733417	100.000000	0.000732954	100.000000	0.00073356	100.000000	3.2445e-07	
105.000000	0.000576847	105.000000	0.000707878	105.000000	0.000707352	105.000000	0.00070691	105.000000	0.000707568	105.000000	3.10209e-07	
110.000000	0.00055733	110.000000	0.000684116	110.000000	0.000683534	110.000000	0.000683107	110.000000	0.000683819	110.000000	2.97209e-07	
115.000000	0.000539391	115.000000	0.000662317	115.000000	0.000661677	115.000000	0.000661267	115.000000	0.000662032	115.000000	2.85292e-07	
120.000000	0.000522843	120.000000	0.000642247	120.000000	0.00064155	120.000000	0.000641154	120.000000	0.000641973	120.000000	2.74328e-07	
125.000000	0.000507526	125.000000	0.000623705	125.000000	0.000622954	125.000000	0.00062257	125.000000	0.000623441	125.000000	2.64204e-07	
130.000000	0.000493304	130.000000	0.000606523	130.000000	0.000605718	130.000000	0.000605346	130.000000	0.000606268	130.000000	2.54828e-07	
135.000000	0.000480061	135.000000	0.000590554	135.000000	0.00058969	135.000000	0.000589338	135.000000	0.000590308	135.000000	2.46117e-07	
140.000000	0.000467696	140.000000	0.000575675	140.000000	0.000574798	140.000000	0.000574421	140.000000	0.000575437	140.000000	2.38003e-07	
145.000000	0.000456123	145.000000	0.000561775	145.000000	0.000560897	145.000000	0.000560486	145.000000	0.000561545	145.000000	2.30426e-07	
150.000000	0.000445266	150.000000	0.000548762	150.000000	0.000547839	150.000000	0.00054744	150.000000	0.000548539	150.000000	2.23333e-07	
155.000000	0.000429979	155.000000	0.000536553	155.000000	0.000535584	155.000000	0.000535199	155.000000	0.000536336	155.000000	2.16679e-07	
160.000000	0.000421019	160.000000	0.000525074	160.000000	0.000524069	160.000000	0.000523693	160.000000	0.000524863	160.000000	2.10424e-07	
165.000000	0.000412569	165.000000	0.000514262	165.000000	0.000513223	165.000000	0.000512855	165.000000	0.000514058	165.000000	2.04533e-07	
170.000000	0.000404587	170.000000	0.000504061	170.000000	0.00050299	170.000000	0.000502631	170.000000	0.000503862	170.000000	1.98974e-07	
175.000000	0.000397035	175.000000	0.000494419	175.000000	0.000493319	175.000000	0.000492968	175.000000	0.000494226	175.000000	1.9372e-07	
180.000000	0.000389877	180.000000	0.000485293	180.000000	0.000484167	180.000000	0.000483823	180.000000	0.000485104	180.000000	1.88746e-07	
185.000000	0.000383084	185.000000	0.000476641	185.000000	0.000475492	185.000000	0.000475156	185.000000	0.000476457	185.000000	1.8403e-07	
190.000000	0.000376628	190.000000	0.000468427	190.000000	0.00046726	190.000000	0.000466929	190.000000	0.000468248	190.000000	1.79553e-07	
195.000000	0.000370485	195.000000	0.00046062	195.000000	0.00045943	195.000000	0.00045911	195.000000	0.000460444	195.000000	1.75295e-07	
200.000000	0.000364631	200.000000	0.000453189	200.000000	0.000451982	200.000000	0.00045167	200.000000	0.000453017	200.000000	1.71242e-07	
210.000000	0.000353714	210.000000	0.000439353	210.000000	0.00043817	210.000000	0.000437821	210.000000	0.000439189	210.000000	1.63692e-07	
220.000000	0.000343736	220.000000	0.000426734	220.000000	0.000425546	220.000000	0.000425198	220.000000	0.000426578	220.000000	1.56802e-07	
230.000000	0.000334581	230.000000	0.00041518	230.000000	0.00041398	230.000000	0.000413647	230.000000	0.00041503	230.000000	1.50487e-07	
240.000000	0.000326149	240.000000	0.000404561	240.000000	0.000403362	240.000000	0.000403037	240.000000	0.000404417	240.000000	1.44678e-07	
250.000000	0.000318358	250.000000	0.000394769	250.000000	0.000393575	250.000000	0.00039326	250.000000	0.00039463	250.000000	1.39316e-07	
260.000000	0.000311138	260.000000	0.000385712	260.000000	0.000384529	260.000000	0.000384223	260.000000	0.000385578	260.000000	1.3435e-07	
270.000000	0.000304427	270.000000	0.000377311	270.000000	0.000376145	270.000000	0.000375846	270.000000	0.000377181	270.000000	1.29738e-07	
280.000000	0.000298174	280.000000	0.000369497	280.000000	0.000368353	280.000000	0.000368061	280.000000	0.000369371	280.000000	1.25442e-07	
290.000000	0.000292333	290.000000	0.000362211	290.000000	0.00036109	290.000000	0.000360809	290.000000	0.00036209	290.000000	1.21432e-07	
300.000000	0.000286866	300.000000	0.000355404	300.000000	0.000354332	300.000000	0.000354038	300.000000	0.000355286	300.000000	1.17678e-07	
310.000000	0.000281737	310.000000	0.000349029	310.000000	0.000348017	310.000000	0.000347702	310.000000	0.000348915	310.000000	1.14157e-07	
320.000000	0.000276916	320.000000	0.000343048	320.000000	0.000342071	320.000000	0.000341763	320.000000	0.000342937	320.000000	1.10848e-07	
330.000000	0.000272377	330.000000	0.000337426	330.000000	0.000336484	330.000000	0.000336186	330.000000	0.000337318	330.000000	1.07731e-07	
340.000000	0.000268096	340.000000	0.000332132	340.000000	0.000331233	340.000000	0.000330938	340.000000	0.000332027	340.000000	1.04791e-07	
350.000000	0.000264051	350.000000	0.000327138	350.000000	0.000326283	350.000000	0.000325993	350.000000	0.000327036	350.000000	1.02013e-07	
360.000000	0.000260225	360.000000	0.000322422	360.000000	0.000321611	360.000000	0.000321327	360.000000	0.000322322	360.000000	9.93827e-08	
370.000000	0.0002566 	370.000000	0.00031796	370.000000	0.000317196	370.000000	0.000316917	370.000000	0.000317863	370.000000	9.68894e-08	
380.000000	0.000253161	380.000000	0.000313734	380.000000	0.000313019	380.000000	0.000312743	380.000000	0.000313639	380.000000	9.45223e-08	
390.000000	0.000249895	390.000000	0.000309725	390.000000	0.00030906	390.000000	0.000308788	390.000000	0.000309633	390.000000	9.22719e-08	
400.000000	0.000246788	400.000000	0.000305919	400.000000	0.000305303	400.000000	0.000305037	400.000000	0.000305828	400.000000	9.01298e-08	
410.000000	0.000243831	410.000000	0.0003023 	410.000000	0.000301736	410.000000	0.000301473	410.000000	0.000302211	410.000000	8.80882e-08	
420.000000	0.000241012	420.000000	0.000298855	420.000000	0.000298345	420.000000	0.000298084	420.000000	0.000298769	420.000000	8.61401e-08	
430.000000	0.000238323	430.000000	0.000295574	430.000000	0.000295116	430.000000	0.000294859	430.000000	0.000295489	430.000000	8.42793e-08	
440.000000	0.000235756	440.000000	0.000292444	440.000000	0.000292037	440.000000	0.000291786	440.000000	0.000292362	440.000000	8.24998e-08	
450.000000	0.000233302	450.000000	0.000289457	450.000000	0.000289104	450.000000	0.000288856	450.000000	0.000289376	450.000000	8.07964e-08	
460.000000	0.000230954	460.000000	0.000286603	460.000000	0.000286314	460.000000	0.000286059	460.000000	0.000286523	460.000000	7.91643e-08	
470.000000	0.000228707	470.000000	0.000283873	470.000000	0.000283654	470.000000	0.000283387	470.000000	0.000283796	470.000000	7.7599e-08	
480.000000	0.000226553	480.000000	0.000281261	480.000000	0.000281105	480.000000	0.000280832	480.000000	0.000281185	480.000000	7.60964e-08	
490.000000	0.000224489	490.000000	0.00027876	490.000000	0.000278659	490.000000	0.000278387	490.000000	0.000278685	490.000000	7.46529e-08	
500.000000	0.000222507	500.000000	0.000276362	500.000000	0.000276312	500.000000	0.000276046	500.000000	0.000276289	500.000000	7.3265e-08	
520.000000	0.000218778	520.000000	0.000271856	520.000000	0.000271912	520.000000	0.000271652	520.000000	0.000271785	520.000000	7.06434e-08	
540.000000	0.000215331	540.000000	0.000267699	540.000000	0.000267862	540.000000	0.000267606	540.000000	0.000267631	540.000000	6.82088e-08	
560.000000	0.000212137	560.000000	0.000263856	560.000000	0.000264123	560.000000	0.000263871	560.000000	0.00026379	560.000000	6.59417e-08	
580.000000	0.000209173	580.000000	0.000260294	580.000000	0.000260664	580.000000	0.000260417	580.000000	0.000260231	580.000000	6.38253e-08	
600.000000	0.000206416	600.000000	0.000256988	600.000000	0.000257457	600.000000	0.000257214	600.000000	0.000256926	600.000000	6.18448e-08	
620.000000	0.000203847	620.000000	0.000253911	620.000000	0.000254479	620.000000	0.000254239	620.000000	0.000253851	620.000000	5.99874e-08	
640.000000	0.000201449	640.000000	0.000251045	640.000000	0.000251708	640.000000	0.000251471	640.000000	0.000250987	640.000000	5.82419e-08	
660.000000	0.000199208	660.000000	0.000248369	660.000000	0.000249124	660.000000	0.000248891	660.000000	0.000248312	660.000000	5.65983e-08	
680.000000	0.000197111	680.000000	0.000245868	680.000000	0.000246709	680.000000	0.000246481	680.000000	0.000245813	680.000000	5.50478e-08	
700.000000	0.000195146	700.000000	0.000243527	700.000000	0.000244458	700.000000	0.000244229	700.000000	0.000243473	700.000000	5.35828e-08	
720.000000	0.000193302	720.000000	0.000241332	720.000000	0.00024236	720.000000	0.00024212	720.000000	0.00024128	720.000000	5.21962e-08	
740.000000	0.00019157	740.000000	0.000239273	740.000000	0.000240391	740.000000	0.000240143	740.000000	0.000239223	740.000000	5.08818e-08	
760.000000	0.000189942	760.000000	0.000237339	760.000000	0.000238534	760.000000	0.000238287	760.000000	0.00023729	760.000000	4.96341e-08	
780.000000	0.00018841	780.000000	0.000235521	780.000000	0.000236786	780.000000	0.000236543	780.000000	0.000235472	780.000000	4.84481e-08	
800.000000	0.000186968	800.000000	0.00023381	800.000000	0.000235142	800.000000	0.000234903	800.000000	0.000233762	800.000000	4.73192e-08	
820.000000	0.000185609	820.000000	0.000232198	820.000000	0.000233596	820.000000	0.000233359	820.000000	0.000232151	820.000000	4.62435e-08	
840.000000	0.000184327	840.000000	0.000230678	840.000000	0.000232139	840.000000	0.000231903	840.000000	0.000230633	840.000000	4.52171e-08	
860.000000	0.000183118	860.000000	0.000229245	860.000000	0.000230764	860.000000	0.00023053	860.000000	0.000229201	860.000000	4.42367e-08	
880.000000	0.000181977	880.000000	0.000227892	880.000000	0.000229466	880.000000	0.000229234	880.000000	0.000227849	880.000000	4.32993e-08	
900.000000	0.0001809 	900.000000	0.000226615	900.000000	0.000228239	900.000000	0.000228009	900.000000	0.000226572	900.000000	4.2402e-08	
920.000000	0.000179882	920.000000	0.000225408	920.000000	0.000227079	920.000000	0.000226851	920.000000	0.000225366	920.000000	4.15424e-08	
940.000000	0.00017892	940.000000	0.000224267	940.000000	0.000225982	940.000000	0.000225756	940.000000	0.000224226	940.000000	4.07181e-08	
960.000000	0.000178011	960.000000	0.000223188	960.000000	0.000224944	960.000000	0.000224719	960.000000	0.000223148	960.000000	3.99268e-08	
980.000000	0.000177152	980.000000	0.000222167	980.000000	0.00022396	980.000000	0.000223737	980.000000	0.000222128	980.000000	3.91667e-08	
1000.000000	0.000176339	1000.000000	0.000221201	1000.000000	0.000223028	1000.000000	0.000222806	1000.000000	0.000221162	1000.000000	3.8436e-08	
1020.000000	0.000175571	1020.000000	0.000220287	1020.000000	0.000222144	1020.000000	0.000221923	1020.000000	0.000220249	1020.000000	3.77328e-08	
1040.000000	0.000174845	1040.000000	0.000219421	1040.000000	0.000221305	1040.000000	0.000221085	1040.000000	0.000219384	1040.000000	3.70558e-08	
1060.000000	0.000174159	1060.000000	0.000218602	1060.000000	0.000220509	1060.000000	0.000220291	1060.000000	0.000218565	1060.000000	3.64034e-08	
1080.000000	0.00017351	1080.000000	0.000217826	1080.000000	0.000219753	1080.000000	0.000219536	1080.000000	0.00021779	1080.000000	3.57743e-08	
1100.000000	0.000172897	1100.000000	0.000217092	1100.000000	0.000219035	1100.000000	0.000218819	1100.000000	0.000217056	1100.000000	3.51672e-08	
1120.000000	0.000172318	1120.000000	0.000216396	1120.000000	0.000218353	1120.000000	0.000218138	1120.000000	0.000216362	1120.000000	3.45811e-08	
1140.000000	0.000171771	1140.000000	0.000215738	1140.000000	0.000217705	1140.000000	0.000217491	1140.000000	0.000215704	1140.000000	3.40148e-08	
1160.000000	0.000171255	1160.000000	0.000215115	1160.000000	0.000217089	1160.000000	0.000216875	1160.000000	0.000215081	1160.000000	3.34674e-08	
1180.000000	0.000170768	1180.000000	0.000214525	1180.000000	0.000216502	1180.000000	0.00021629	1180.000000	0.000214492	1180.000000	3.29378e-08	
1200.000000	0.000170309	1200.000000	0.000213967	1200.000000	0.000215945	1200.000000	0.000215734	1200.000000	0.000213935	1200.000000	3.24253e-08	
1220.000000	0.000169876	1220.000000	0.000213439	1220.000000	0.000215413	1220.000000	0.000215204	1220.000000	0.000213407	1220.000000	3.1929e-08	
1240.000000	0.000169469	1240.000000	0.00021294	1240.000000	0.000214908	1240.000000	0.0002147 	1240.000000	0.000212909	1240.000000	3.14481e-08	
1260.000000	0.000169086	1260.000000	0.000212469	1260.000000	0.000214427	1260.000000	0.000214221	1260.000000	0.000212438	1260.000000	3.0982e-08	
1280.000000	0.000168726	1280.000000	0.000212024	1280.000000	0.00021397	1280.000000	0.000213765	1280.000000	0.000211993	1280.000000	3.05299e-08	
1300.000000	0.000168389	1300.000000	0.000211604	1300.000000	0.000213536	1300.000000	0.000213331	1300.000000	0.000211573	1300.000000	3.00912e-08	
1320.000000	0.000168072	1320.000000	0.000211207	1320.000000	0.000213124	1320.000000	0.000212917	1320.000000	0.000211178	1320.000000	2.96654e-08	
1340.000000	0.000167776	1340.000000	0.000210834	1340.000000	0.000212732	1340.000000	0.000212524	1340.000000	0.000210805	1340.000000	2.92518e-08	
1360.000000	0.0001675 	1360.000000	0.000210482	1360.000000	0.000212361	1360.000000	0.00021215	1360.000000	0.000210453	1360.000000	2.885e-08 	
1380.000000	0.000167242	1380.000000	0.000210152	1380.000000	0.000212007	1380.000000	0.000211793	1380.000000	0.000210123	1380.000000	2.84594e-08	
1400.000000	0.000167003	1400.000000	0.000209841	1400.000000	0.000211671	1400.000000	0.000211454	1400.000000	0.000209813	1400.000000	2.80796e-08	
1420.000000	0.00016678	1420.000000	0.000209549	1420.000000	0.000211351	1420.000000	0.000211131	1420.000000	0.000209522	1420.000000	2.77101e-08	
1440.000000	0.000166575	1440.000000	0.000209276	1440.000000	0.000211046	1440.000000	0.000210824	1440.000000	0.000209249	1440.000000	2.73505e-08	
1460.000000	0.000166385	1460.000000	0.000209021	1460.000000	0.000210755	1460.000000	0.000210532	1460.000000	0.000208994	1460.000000	2.70004e-08	
1480.000000	0.000166211	1480.000000	0.000208783	1480.000000	0.000210477	1480.000000	0.000210255	1480.000000	0.000208756	1480.000000	2.66595e-08	
1500.000000	0.000166051	1500.000000	0.000208561	1500.000000	0.000210212	1500.000000	0.000209991	1500.000000	0.000208534	1500.000000	2.63273e-08	
1520.000000	0.000165906	1520.000000	0.000208354	1520.000000	0.000209961	1520.000000	0.00020974	1520.000000	0.000208328	1520.000000	2.60036e-08	
1540.000000	0.000165774	1540.000000	0.000208163	1540.000000	0.000209721	1540.000000	0.000209501	1540.000000	0.000208137	1540.000000	2.56879e-08	
1560.000000	0.000165656	1560.000000	0.000207986	1560.000000	0.000209493	1560.000000	0.000209274	1560.000000	0.00020796	1560.000000	2.53801e-08	
1580.000000	0.000165551	1580.000000	0.000207823	1580.000000	0.000209277	1580.000000	0.000209059	1580.000000	0.000207798	1580.000000	2.50798e-08	
1600.000000	0.000165458	1600.000000	0.000207673	1600.000000	0.000209072	1600.000000	0.000208855	1600.000000	0.000207648	1600.000000	2.47868e-08	
1620.000000	0.000165377	1620.000000	0.000207537	1620.000000	0.000208877	1620.000000	0.000208661	1620.000000	0.000207512	1620.000000	2.45007e-08	
1640.000000	0.000165308	1640.000000	0.000207412	1640.000000	0.000208693	1640.000000	0.000208478	1640.000000	0.000207388	1640.000000	2.42214e-08	
1660.000000	0.00016525	1660.000000	0.0002073 	1660.000000	0.000208518	1660.000000	0.000208304	1660.000000	0.000207276	1660.000000	2.39486e-08	
1680.000000	0.000165202	1680.000000	0.0002072 	1680.000000	0.000208353	1680.000000	0.000208139	1680.000000	0.000207176	1680.000000	2.3682e-08	
1700.000000	0.000165165	1700.000000	0.00020711	1700.000000	0.000208197	1700.000000	0.000207983	1700.000000	0.000207087	1700.000000	2.34215e-08	
1750.000000	0.000165117	1750.000000	0.000206934	1750.000000	0.000207843	1750.000000	0.00020763	1750.000000	0.000206911	1750.000000	2.27954e-08	
1800.000000	0.000165126	1800.000000	0.000206819	1800.000000	0.000207537	1800.000000	0.000207325	1800.000000	0.000206796	1800.000000	2.2203e-08	
1850.000000	0.000165191	1850.000000	0.000206761	1850.000000	0.000207275	1850.000000	0.000207064	1850.000000	0.000206739	1850.000000	2.16414e-08	
1900.000000	0.000165305	1900.000000	0.000206755	1900.000000	0.000207053	1900.000000	0.000206843	1900.000000	0.000206734	1900.000000	2.11084e-08	
1950.000000	0.000165467	1950.000000	0.000206799	1950.000000	0.000206866	1950.000000	0.000206657	1950.000000	0.000206778	1950.000000	2.06018e-08	
2000.000000	0.000165672	2000.000000	0.000206887	2000.000000	0.000206713	2000.000000	0.000206504	2000.000000	0.000206866	2000.000000	2.01197e-08	
2100.000000	0.000166202	2100.000000	0.000207184	2100.000000	0.000206493	2100.000000	0.000206286	2100.000000	0.000207165	2100.000000	1.92221e-08	
2200.000000	0.000166877	2200.000000	0.000207626	2200.000000	0.000206373	2200.000000	0.000206167	2200.000000	0.000207608	2200.000000	1.84034e-08	
2300.000000	0.000167679	2300.000000	0.000208194	2300.000000	0.000206337	2300.000000	0.000206133	2300.000000	0.000208176	2300.000000	1.76535e-08	
2400.000000	0.000168594	2400.000000	0.000208871	2400.000000	0.000206372	2400.000000	0.000206168	2400.000000	0.000208854	2400.000000	1.69641e-08	
2500.000000	0.00016961	2500.000000	0.000209644	2500.000000	0.000206466	2500.000000	0.000206264	2500.000000	0.000209628	2500.000000	1.6328e-08	
2600.000000	0.000170719	2600.000000	0.000210502	2600.000000	0.000206611	2600.000000	0.00020641	2600.000000	0.000210487	2600.000000	1.57393e-08	
2700.000000	0.00017191	2700.000000	0.000211436	2700.000000	0.000206799	2700.000000	0.000206598	2700.000000	0.000211421	2700.000000	1.51927e-08	
2800.000000	0.000173177	2800.000000	0.000212438	2800.000000	0.000207023	2800.000000	0.000206823	2800.000000	0.000212423	2800.000000	1.46839e-08	
2900.000000	0.000174513	2900.000000	0.000213499	2900.000000	0.000207278	2900.000000	0.000207079	2900.000000	0.000213485	2900.000000	1.4209e-08	
3000.000000	0.000175913	3000.000000	0.000214615	3000.000000	0.00020756	3000.000000	0.000207361	3000.000000	0.000214602	3000.000000	1.37648e-08	
3200.000000	0.000178884	3200.000000	0.000216989	3200.000000	0.000208187	3200.000000	0.00020799	3200.000000	0.000216976	3200.000000	1.2957e-08	
3400.000000	0.000182058	3400.000000	0.000219523	3400.000000	0.000208879	3400.000000	0.000208683	3400.000000	0.000219511	3400.000000	1.22412e-08	
3600.000000	0.000185409	3600.000000	0.00022219	3600.000000	0.000209618	3600.000000	0.000209422	3600.000000	0.000222178	3600.000000	1.16024e-08	
3800.000000	0.000188917	3800.000000	0.000224968	3800.000000	0.00021039	3800.000000	0.000210194	3800.000000	0.000224957	3800.000000	1.10288e-08	
4000.000000	0.000192565	4000.000000	0.000227839	4000.000000	0.000211183	4000.000000	0.000210988	4000.000000	0.000227829	4000.000000	1.05107e-08	
4200.000000	0.00019634	4200.000000	0.00023079	4200.000000	0.00021199	4200.000000	0.000211796	4200.000000	0.00023078	4200.000000	1.00404e-08	
4400.000000	0.000200231	4400.000000	0.000233809	4400.000000	0.000212805	4400.000000	0.000212612	4400.000000	0.0002338 	4400.000000	9.61157e-09	
4600.000000	0.000204228	4600.000000	0.000236887	4600.000000	0.000213623	4600.000000	0.00021343	4600.000000	0.000236878	4600.000000	9.21882e-09	
4800.000000	0.000208325	4800.000000	0.000240015	4800.000000	0.000214441	4800.000000	0.000214248	4800.000000	0.000240006	4800.000000	8.85777e-09	
5000.000000	0.000212513	5000.000000	0.000243187	5000.000000	0.000215255	5000.000000	0.000215063	5000.000000	0.000243178	5000.000000	8.5247e-09	
5250.000000	0.000217871	5250.000000	0.000247205	5250.000000	0.000216265	5250.000000	0.000216074	5250.000000	0.000247197	5250.000000	8.14294e-09	
5500.000000	0.000223354	5500.000000	0.000251274	5500.000000	0.000217264	5500.000000	0.000217073	5500.000000	0.000251266	5500.000000	7.79482e-09	
6000.000000	0.000234673	6000.000000	0.000259535	6000.000000	0.000219218	6000.000000	0.000219027	6000.000000	0.000259528	6000.000000	7.18298e-09	
6500.000000	0.000246421	6500.000000	0.000267925	6500.000000	0.000221108	6500.000000	0.000220917	6500.000000	0.000267918	6500.000000	6.66248e-09	
7000.000000	0.000258565	7000.000000	0.00027641	7000.000000	0.000222929	7000.000000	0.000222739	7000.000000	0.000276403	7000.000000	6.21414e-09	
7500.000000	0.00027108	7500.000000	0.000284966	7500.000000	0.00022468	7500.000000	0.000224491	7500.000000	0.00028496	7500.000000	5.8238e-09	
8000.000000	0.000283946	8000.000000	0.000293577	8000.000000	0.000226364	8000.000000	0.000226175	8000.000000	0.000293571	8000.000000	5.4808e-09	
8500.000000	0.00029715	8500.000000	0.000302229	8500.000000	0.000227983	8500.000000	0.000227793	8500.000000	0.000302224	8500.000000	5.17696e-09	
9000.000000	0.000310679	9000.000000	0.000310912	9000.000000	0.000229538	9000.000000	0.00022935	9000.000000	0.000310907	9000.000000	4.90587e-09	
9500.000000	0.000324525	9500.000000	0.000319618	9500.000000	0.000231036	9500.000000	0.000230847	9500.000000	0.000319613	9500.000000	4.66248e-09	
10000.000000	0.00033868	10000.000000	0.000328342	10000.000000	0.00023248	10000.000000	0.000232289	10000.000000	0.000328337	10000.000000	4.4427e-09	
11000.000000	0.000367897	11000.000000	0.000345823	11000.000000	0.000235208	11000.000000	0.000235019	11000.000000	0.000345819	11000.000000	4.06136e-09	
12000.000000	0.000398296	12000.000000	0.000363327	12000.000000	0.000237744	12000.000000	0.000237563	12000.000000	0.000363323	12000.000000	3.74178e-09	
13000.000000	0.000429854	13000.000000	0.000380837	13000.000000	0.000240122	13000.000000	0.000239942	13000.000000	0.000380833	13000.000000	3.46997e-09	
14000.000000	0.000462557	14000.000000	0.00039834	14000.000000	0.000242366	14000.000000	0.000242175	14000.000000	0.000398337	14000.000000	3.23589e-09	
15000.000000	0.000496393	15000.000000	0.000415828	15000.000000	0.000244485	15000.000000	0.000244277	15000.000000	0.000415825	15000.000000	3.03213e-09	
16000.000000	0.000531356	16000.000000	0.000433297	16000.000000	0.000246481	16000.000000	0.000246263	16000.000000	0.000433294	16000.000000	2.85312e-09	
17000.000000	0.000567442	17000.000000	0.000450742	17000.000000	0.000248364	17000.000000	0.000248143	17000.000000	0.00045074	17000.000000	2.69457e-09	
18000.000000	0.000604651	18000.000000	0.000468162	18000.000000	0.000250144	18000.000000	0.000249928	18000.000000	0.000468159	18000.000000	2.55313e-09	
19000.000000	0.00064298	19000.000000	0.000485554	19000.000000	0.000251831	19000.000000	0.000251628	19000.000000	0.000485552	19000.000000	2.42616e-09	
20000.000000	0.00068243	20000.000000	0.000502919	20000.000000	0.000253434	20000.000000	0.000253248	20000.000000	0.000502916	20000.000000	2.31152e-09	
21000.000000	0.000723004	21000.000000	0.000520255	21000.000000	0.000254968	21000.000000	0.000254797	21000.000000	0.000520252	21000.000000	2.2075e-09	
22000.000000	0.000764704	22000.000000	0.000537562	22000.000000	0.00025645	22000.000000	0.00025628	22000.000000	0.00053756	22000.000000	2.11266e-09	
23000.000000	0.000807532	23000.000000	0.00055484	23000.000000	0.000257874	23000.000000	0.000257703	23000.000000	0.000554838	23000.000000	2.02583e-09	
24000.000000	0.000851492	24000.000000	0.000572091	24000.000000	0.00025924	24000.000000	0.00025907	24000.000000	0.000572089	24000.000000	1.94603e-09	
25000.000000	0.000896588	25000.000000	0.000589313	25000.000000	0.000260555	25000.000000	0.000260385	25000.000000	0.000589311	25000.000000	1.87244e-09	
26000.000000	0.000942823	26000.000000	0.000606507	26000.000000	0.000261822	26000.000000	0.000261652	26000.000000	0.000606505	26000.000000	1.80435e-09	
27000.000000	0.000990203	27000.000000	0.000623675	27000.000000	0.000263046	27000.000000	0.000262874	27000.000000	0.000623673	27000.000000	1.74116e-09	
28000.000000	0.00103873	28000.000000	0.000640816	28000.000000	0.000264226	28000.000000	0.000264054	28000.000000	0.000640814	28000.000000	1.68235e-09	
29000.000000	0.00108842	29000.000000	0.00065793	29000.000000	0.000265365	29000.000000	0.000265196	29000.000000	0.000657929	29000.000000	1.62749e-09	
30000.000000	0.00113926	30000.000000	0.00067502	30000.000000	0.000266465	30000.000000	0.000266301	30000.000000	0.000675018	30000.000000	1.57618e-09	
32000.000000	0.00124444	32000.000000	0.000709123	32000.000000	0.000268563	32000.000000	0.00026841	32000.000000	0.000709122	32000.000000	1.48292e-09	
34000.000000	0.00135433	34000.000000	0.000743132	34000.000000	0.000270542	34000.000000	0.000270397	34000.000000	0.00074313	34000.000000	1.40033e-09	
36000.000000	0.00146896	36000.000000	0.000777049	36000.000000	0.000272415	36000.000000	0.000272276	36000.000000	0.000777047	36000.000000	1.32666e-09	
38000.000000	0.00158839	38000.000000	0.000810878	38000.000000	0.000274192	38000.000000	0.000274058	38000.000000	0.000810877	38000.000000	1.26054e-09	
40000.000000	0.00171266	40000.000000	0.000844624	40000.000000	0.000275882	40000.000000	0.000275751	40000.000000	0.000844622	40000.000000	1.20085e-09	
42000.000000	0.00184183	42000.000000	0.000878289	42000.000000	0.000277493	42000.000000	0.000277366	42000.000000	0.000878288	42000.000000	1.14669e-09	
44000.000000	0.00197595	44000.000000	0.000911878	44000.000000	0.00027903	44000.000000	0.000278907	44000.000000	0.000911877	44000.000000	1.09732e-09	
46000.000000	0.00211505	46000.000000	0.000945393	46000.000000	0.0002805 	46000.000000	0.000280382	46000.000000	0.000945392	46000.000000	1.05212e-09	
48000.000000	0.00225921	48000.000000	0.000978838	48000.000000	0.000281909	48000.000000	0.000281797	48000.000000	0.000978836	48000.000000	1.01059e-09	
50000.000000	0.00240847	50000.000000	0.00101221	50000.000000	0.000283261	50000.000000	0.000283155	50000.000000	0.00101221	50000.000000	9.72291e-10	
